12502   13544729209 15292890069 15275846503 14041607926 15327994527 15546096309
12498   13544729209 15292890069 15275846503 14041607926 15327994527 15546096309
12496   13544729209 15292890069 15275846503 14041607926 15327994527 15546096309
12529   13544729209 15292890069 15275846503 14041607926 15327994527 15546096309
12518   13544729209 15292890069 15275846503 14041607926 15327994527 15546096309
12497   13544729209 15292890069 15275846503 14041607926 15327994527 15546096309
12563   13544729209 15292890069 15275846503 14041607926 15327994527 15546096309
12628   13544729209 15292890069 15275846503 14041607926 15327994527 15546096309
12784   13544729209 15292890069 15275846503 14041607926 15327994527 15546096309
12965   13544729209 15292890069 15275846503 14041607926 15327994527 15546096309
12662   13544729209 15292890069 15275846503 14041607926 15327994527 15546096309
12494   13544729209 15292890069 15275846503 14041607926 15327994527 15546096309
12398   13544729209 15292890069 15275846503 14041607926 15327994527 15546096309
12398   13544729209 15292890069 15275846503 14041607926 15327994527 15546096309
12409   13544729209 15292890069 15275846503 14041607926 15327994527 15546096309
12414   13544729209 15292890069 15275846503 14041607926 15327994527 15546096309
12357   13544729209 15292890069 15275846503 14041607926 15327994527 15546096309
12380   13544729209 15292890069 15275846503 14041607926 15327994527 15546096309
12356   13544729209 15292890069 15275846503 14041607926 15327994527 15546096309
12337   13544729209 15292890069 15275846503 14041607926 15327994527 15546096309
12325   13544729209 15292890069 15275846503 14041607926 15327994527 15546096309
12257   15292890069 15275846503 14481650148 15327994527 15546096309 14793236965
12240   15292890069 15275846503 14481650148 15327994527 15546096309 14793236965
12221   15292890069 15275846503 14481650148 15327994527 15546096309 14793236965
12227   15292890069 15275846503 14481650148 15327994527 15546096309 14793236965
12183   15292890069 15275846503 14481650148 15327994527 15546096309 14793236965
12222   15292890069 15275846503 14481650148 15327994527 15546096309 14793236965
12222   15292890069 15275846503 14481650148 15327994527 15546096309 14793236965
12185   15292890069 15275846503 14481650148 15327994527 15546096309 14793236965
12207   15292890069 15275846503 14481650148 15327994527 15546096309 14793236965
12254   15292890069 15275846503 14481650148 15327994527 15546096309 14793236965
12267   15292890069 15275846503 14481650148 15327994527 15546096309 14793236965
12252   15292890069 15275846503 14481650148 15327994527 15546096309 14793236965
12266   15292890069 15275846503 14481650148 15327994527 15546096309 14793236965
12224   15292890069 15275846503 14481650148 15327994527 15546096309 14793236965
12199   15292890069 15275846503 14481650148 15327994527 15546096309 14793236965
12210   15292890069 15275846503 14481650148 15327994527 15546096309 14793236965
12240   15292890069 15275846503 14481650148 15327994527 15546096309 14793236965
12152   15292890069 15275846503 14481650148 15327994527 15546096309 14793236965
12191   15292890069 15275846503 14481650148 15327994527 15546096309 14793236965
12166   15292890069 15275846503 14481650148 15327994527 15546096309 14793236965
12142   15275846503 14481650148 14124148350 15546096309 14793236965 14081710235
12226   15275846503 14481650148 14124148350 15546096309 14793236965 14081710235
12224   15275846503 14481650148 14124148350 15546096309 14793236965 14081710235
12219   15275846503 14481650148 14124148350 15546096309 14793236965 14081710235
12102   15275846503 14481650148 14124148350 15546096309 14793236965 14081710235
12125   15275846503 14481650148 14124148350 15546096309 14793236965 14081710235
12094   15275846503 14481650148 14124148350 15546096309 14793236965 14081710235
12086   15275846503 14481650148 14124148350 15546096309 14793236965 14081710235
12053   15275846503 14481650148 14124148350 15546096309 14793236965 14081710235
12101   15275846503 14481650148 14124148350 15546096309 14793236965 14081710235
12283   15275846503 14481650148 14124148350 15546096309 14793236965 14081710235
12268   15275846503 14481650148 14124148350 15546096309 14793236965 14081710235
12290   15275846503 14481650148 14124148350 15546096309 14793236965 14081710235
12256   15275846503 14481650148 14124148350 15546096309 14793236965 14081710235
12263   15275846503 14481650148 14124148350 15546096309 14793236965 14081710235
12268   15275846503 14481650148 14124148350 15546096309 14793236965 14081710235
12251   15275846503 14481650148 14124148350 15546096309 14793236965 14081710235
12302   15275846503 14481650148 14124148350 15546096309 14793236965 14081710235
12251   15275846503 14481650148 14124148350 15546096309 14793236965 14081710235
12273   15275846503 14481650148 14124148350 15546096309 14793236965 14081710235
12205   15275846503 14481650148 14124148350 15546096309 14793236965 14081710235
12197   15275846503 14481650148 14124148350 15546096309 14793236965 14081710235
12249   15275846503 14481650148 14124148350 15546096309 14793236965 14081710235
12273   14481650148 14124148350 15409493175 14793236965 14081710235 15697742441
12181   14481650148 14124148350 15409493175 14793236965 14081710235 15697742441
12067   14481650148 14124148350 15409493175 14793236965 14081710235 15697742441
12007   14481650148 14124148350 15409493175 14793236965 14081710235 15697742441
12036   14481650148 14124148350 15409493175 14793236965 14081710235 15697742441
12047   14481650148 14124148350 15409493175 14793236965 14081710235 15697742441
12032   14481650148 14124148350 15409493175 14793236965 14081710235 15697742441
12045   14481650148 14124148350 15409493175 14793236965 14081710235 15697742441
12090   14481650148 14124148350 15409493175 14793236965 14081710235 15697742441
11968   14481650148 14124148350 15409493175 14793236965 14081710235 15697742441
11963   14481650148 14124148350 15409493175 14793236965 14081710235 15697742441
11934   14481650148 14124148350 15409493175 14793236965 14081710235 15697742441
11890   14481650148 14124148350 15409493175 14793236965 14081710235 15697742441
11890   14481650148 14124148350 15409493175 14793236965 14081710235 15697742441
11841   14481650148 14124148350 15409493175 14793236965 14081710235 15697742441
11813   14481650148 14124148350 15409493175 14793236965 14081710235 15697742441
11781   14481650148 14124148350 15409493175 14793236965 14081710235 15697742441
11829   14481650148 14124148350 15409493175 14793236965 14081710235 15697742441
11819   14481650148 14124148350 15409493175 14793236965 14081710235 15697742441
11840   14481650148 14124148350 15409493175 14793236965 14081710235 15697742441
11793   14481650148 14124148350 15409493175 14793236965 14081710235 15697742441
11769   14481650148 14124148350 15409493175 14793236965 14081710235 15697742441
11776   14124148350 15409493175 14823663101 14081710235 15697742441 14770336777
11740   14124148350 15409493175 14823663101 14081710235 15697742441 14770336777
11767   14124148350 15409493175 14823663101 14081710235 15697742441 14770336777
11774   14124148350 15409493175 14823663101 14081710235 15697742441 14770336777
11773   14124148350 15409493175 14823663101 14081710235 15697742441 14770336777
11712   14124148350 15409493175 14823663101 14081710235 15697742441 14770336777
11776   14124148350 15409493175 14823663101 14081710235 15697742441 14770336777
11766   14124148350 15409493175 14823663101 14081710235 15697742441 14770336777
11740   14124148350 15409493175 14823663101 14081710235 15697742441 14770336777
11739   14124148350 15409493175 14823663101 14081710235 15697742441 14770336777
11751   14124148350 15409493175 14823663101 14081710235 15697742441 14770336777
11725   14124148350 15409493175 14823663101 14081710235 15697742441 14770336777
11741   14124148350 15409493175 14823663101 14081710235 15697742441 14770336777
11735   14124148350 15409493175 14823663101 14081710235 15697742441 14770336777
11787   14124148350 15409493175 14823663101 14081710235 15697742441 14770336777
11881   14124148350 15409493175 14823663101 14081710235 15697742441 14770336777
11825   14124148350 15409493175 14823663101 14081710235 15697742441 14770336777
11815   14124148350 15409493175 14823663101 14081710235 15697742441 14770336777
11792   14124148350 15409493175 14823663101 14081710235 15697742441 14770336777
11806   14124148350 15409493175 14823663101 14081710235 15697742441 14770336777
11649   14124148350 15409493175 14823663101 14081710235 15697742441 14770336777
11649   15409493175 14823663101 14292515226 15697742441 14770336777 16254976317
11589   15409493175 14823663101 14292515226 15697742441 14770336777 16254976317
11555   15409493175 14823663101 14292515226 15697742441 14770336777 16254976317
11589   15409493175 14823663101 14292515226 15697742441 14770336777 16254976317
11635   15409493175 14823663101 14292515226 15697742441 14770336777 16254976317
11765   15409493175 14823663101 14292515226 15697742441 14770336777 16254976317
11726   15409493175 14823663101 14292515226 15697742441 14770336777 16254976317
11864   15409493175 14823663101 14292515226 15697742441 14770336777 16254976317
11768   15409493175 14823663101 14292515226 15697742441 14770336777 16254976317
11685   15409493175 14823663101 14292515226 15697742441 14770336777 16254976317
11685   15409493175 14823663101 14292515226 15697742441 14770336777 16254976317
11607   15409493175 14823663101 14292515226 15697742441 14770336777 16254976317
11753   15409493175 14823663101 14292515226 15697742441 14770336777 16254976317
11846   15409493175 14823663101 14292515226 15697742441 14770336777 16254976317
11946   15409493175 14823663101 14292515226 15697742441 14770336777 16254976317
12023   15409493175 14823663101 14292515226 15697742441 14770336777 16254976317
11913   15409493175 14823663101 14292515226 15697742441 14770336777 16254976317
11857   15409493175 14823663101 14292515226 15697742441 14770336777 16254976317
12029   14823663101 14292515226 15192778375 14770336777 16254976317 14523719412
12164   14823663101 14292515226 15192778375 14770336777 16254976317 14523719412
12151   14823663101 14292515226 15192778375 14770336777 16254976317 14523719412
12087   14823663101 14292515226 15192778375 14770336777 16254976317 14523719412
12060   14823663101 14292515226 15192778375 14770336777 16254976317 14523719412
12031   14823663101 14292515226 15192778375 14770336777 16254976317 14523719412
12027   14823663101 14292515226 15192778375 14770336777 16254976317 14523719412
11976   14823663101 14292515226 15192778375 14770336777 16254976317 14523719412
12038   14823663101 14292515226 15192778375 14770336777 16254976317 14523719412
11922   14823663101 14292515226 15192778375 14770336777 16254976317 14523719412
11873   14823663101 14292515226 15192778375 14770336777 16254976317 14523719412
11840   14823663101 14292515226 15192778375 14770336777 16254976317 14523719412
11872   14823663101 14292515226 15192778375 14770336777 16254976317 14523719412
11862   14823663101 14292515226 15192778375 14770336777 16254976317 14523719412
11865   14823663101 14292515226 15192778375 14770336777 16254976317 14523719412
11849   14823663101 14292515226 15192778375 14770336777 16254976317 14523719412
11882   14823663101 14292515226 15192778375 14770336777 16254976317 14523719412
11933   14823663101 14292515226 15192778375 14770336777 16254976317 14523719412
11869   14823663101 14292515226 15192778375 14770336777 16254976317 14523719412
11865   14823663101 14292515226 15192778375 14770336777 16254976317 14523719412
11799   14823663101 14292515226 15192778375 14770336777 16254976317 14523719412
11669   14292515226 15192778375 14634166148 16254976317 14523719412 13790661990
11671   14292515226 15192778375 14634166148 16254976317 14523719412 13790661990
11691   14292515226 15192778375 14634166148 16254976317 14523719412 13790661990
11618   14292515226 15192778375 14634166148 16254976317 14523719412 13790661990
11573   14292515226 15192778375 14634166148 16254976317 14523719412 13790661990
11565   14292515226 15192778375 14634166148 16254976317 14523719412 13790661990
11498   14292515226 15192778375 14634166148 16254976317 14523719412 13790661990
11408   14292515226 15192778375 14634166148 16254976317 14523719412 13790661990
11472   14292515226 15192778375 14634166148 16254976317 14523719412 13790661990
11544   14292515226 15192778375 14634166148 16254976317 14523719412 13790661990
11583   14292515226 15192778375 14634166148 16254976317 14523719412 13790661990
11594   14292515226 15192778375 14634166148 16254976317 14523719412 13790661990
11621   14292515226 15192778375 14634166148 16254976317 14523719412 13790661990
11682   14292515226 15192778375 14634166148 16254976317 14523719412 13790661990
11585   14292515226 15192778375 14634166148 16254976317 14523719412 13790661990
11569   14292515226 15192778375 14634166148 16254976317 14523719412 13790661990
11569   14292515226 15192778375 14634166148 16254976317 14523719412 13790661990
11595   14292515226 15192778375 14634166148 16254976317 14523719412 13790661990
11590   15192778375 14634166148 14472616877 14523719412 13790661990 14916227693
11647   15192778375 14634166148 14472616877 14523719412 13790661990 14916227693
11626   15192778375 14634166148 14472616877 14523719412 13790661990 14916227693
11659   15192778375 14634166148 14472616877 14523719412 13790661990 14916227693
11666   15192778375 14634166148 14472616877 14523719412 13790661990 14916227693
11648   15192778375 14634166148 14472616877 14523719412 13790661990 14916227693
11543   15192778375 14634166148 14472616877 14523719412 13790661990 14916227693
11487   15192778375 14634166148 14472616877 14523719412 13790661990 14916227693
11475   15192778375 14634166148 14472616877 14523719412 13790661990 14916227693
11495   15192778375 14634166148 14472616877 14523719412 13790661990 14916227693
11491   15192778375 14634166148 14472616877 14523719412 13790661990 14916227693
11501   15192778375 14634166148 14472616877 14523719412 13790661990 14916227693
11507   15192778375 14634166148 14472616877 14523719412 13790661990 14916227693
11399   15192778375 14634166148 14472616877 14523719412 13790661990 14916227693
11366   15192778375 14634166148 14472616877 14523719412 13790661990 14916227693
11338   15192778375 14634166148 14472616877 14523719412 13790661990 14916227693
11367   15192778375 14634166148 14472616877 14523719412 13790661990 14916227693
11367   15192778375 14634166148 14472616877 14523719412 13790661990 14916227693
11360   15192778375 14634166148 14472616877 14523719412 13790661990 14916227693
11327   15192778375 14634166148 14472616877 14523719412 13790661990 14916227693
11461   14634166148 14472616877 16967798188 13790661990 14916227693 15455864981
11495   14634166148 14472616877 16967798188 13790661990 14916227693 15455864981
11465   14634166148 14472616877 16967798188 13790661990 14916227693 15455864981
11414   14634166148 14472616877 16967798188 13790661990 14916227693 15455864981
11441   14634166148 14472616877 16967798188 13790661990 14916227693 15455864981
11488   14634166148 14472616877 16967798188 13790661990 14916227693 15455864981
11464   14634166148 14472616877 16967798188 13790661990 14916227693 15455864981
11370   14634166148 14472616877 16967798188 13790661990 14916227693 15455864981
11338   14634166148 14472616877 16967798188 13790661990 14916227693 15455864981
11328   14634166148 14472616877 16967798188 13790661990 14916227693 15455864981
11478   14634166148 14472616877 16967798188 13790661990 14916227693 15455864981
11444   14634166148 14472616877 16967798188 13790661990 14916227693 15455864981
11489   14634166148 14472616877 16967798188 13790661990 14916227693 15455864981
11441   14634166148 14472616877 16967798188 13790661990 14916227693 15455864981
11506   14634166148 14472616877 16967798188 13790661990 14916227693 15455864981
11452   14634166148 14472616877 16967798188 13790661990 14916227693 15455864981
11612   14634166148 14472616877 16967798188 13790661990 14916227693 15455864981
11638   14634166148 14472616877 16967798188 13790661990 14916227693 15455864981
11705   14634166148 14472616877 16967798188 13790661990 14916227693 15455864981
11654   14634166148 14472616877 16967798188 13790661990 14916227693 15455864981
11692   14472616877 16967798188 15938557641 14916227693 15455864981 15149325413
11733   14472616877 16967798188 15938557641 14916227693 15455864981 15149325413
11727   14472616877 16967798188 15938557641 14916227693 15455864981 15149325413
11678   14472616877 16967798188 15938557641 14916227693 15455864981 15149325413
11787   14472616877 16967798188 15938557641 14916227693 15455864981 15149325413
11851   14472616877 16967798188 15938557641 14916227693 15455864981 15149325413
11831   14472616877 16967798188 15938557641 14916227693 15455864981 15149325413
11909   14472616877 16967798188 15938557641 14916227693 15455864981 15149325413
11885   14472616877 16967798188 15938557641 14916227693 15455864981 15149325413
11775   14472616877 16967798188 15938557641 14916227693 15455864981 15149325413
11945   14472616877 16967798188 15938557641 14916227693 15455864981 15149325413
12133   14472616877 16967798188 15938557641 14916227693 15455864981 15149325413
12176   14472616877 16967798188 15938557641 14916227693 15455864981 15149325413
12235   14472616877 16967798188 15938557641 14916227693 15455864981 15149325413
12227   14472616877 16967798188 15938557641 14916227693 15455864981 15149325413
12237   14472616877 16967798188 15938557641 14916227693 15455864981 15149325413
12220   14472616877 16967798188 15938557641 14916227693 15455864981 15149325413
12233   14472616877 16967798188 15938557641 14916227693 15455864981 15149325413
12309   14472616877 16967798188 15938557641 14916227693 15455864981 15149325413
12312   14472616877 16967798188 15938557641 14916227693 15455864981 15149325413
12287   16967798188 15938557641 15698330394 15455864981 15149325413 15674021743
12215   16967798188 15938557641 15698330394 15455864981 15149325413 15674021743
12328   16967798188 15938557641 15698330394 15455864981 15149325413 15674021743
12259   16967798188 15938557641 15698330394 15455864981 15149325413 15674021743
12238   16967798188 15938557641 15698330394 15455864981 15149325413 15674021743
12234   16967798188 15938557641 15698330394 15455864981 15149325413 15674021743
12210   16967798188 15938557641 15698330394 15455864981 15149325413 15674021743
12183   16967798188 15938557641 15698330394 15455864981 15149325413 15674021743
12171   16967798188 15938557641 15698330394 15455864981 15149325413 15674021743
12188   16967798188 15938557641 15698330394 15455864981 15149325413 15674021743
12178   16967798188 15938557641 15698330394 15455864981 15149325413 15674021743
12137   16967798188 15938557641 15698330394 15455864981 15149325413 15674021743
12107   16967798188 15938557641 15698330394 15455864981 15149325413 15674021743
12258   16967798188 15938557641 15698330394 15455864981 15149325413 15674021743
12324   16967798188 15938557641 15698330394 15455864981 15149325413 15674021743
12290   16967798188 15938557641 15698330394 15455864981 15149325413 15674021743
12323   16967798188 15938557641 15698330394 15455864981 15149325413 15674021743
12291   16967798188 15938557641 15698330394 15455864981 15149325413 15674021743
12287   16967798188 15938557641 15698330394 15455864981 15149325413 15674021743
12303   16967798188 15938557641 15698330394 15455864981 15149325413 15674021743
