12502
12498
12496
12529
12518
12497
12563
12628
12784
12965
12662
12494
12398
12398
12409
12414
12357
12380
12356
12337
12325
12257
12240
12221
12227
12183
12222
12222
12185
12207
12254
12267
12252
12266
12224
12199
12210
12240
12152
12191
12166
12142
12226
12224
12219
12102
12125
12094
12086
12053
12101
12283
12268
12290
12256
12263
12268
12251
12302
12251
12273
12205
12197
12249
12273
12181
12067
12007
12036
12047
12032
12045
12090
11968
11963
11934
11890
11890
11841
11813
11781
11829
11819
11840
11793
11769
11776
11740
11767
11774
11773
11712
11776
11766
11740
11739
11751
11725
11741
11735
11787
11881
11825
11815
11792
11806
11649
11649
11589
11555
11589
11635
11765
11726
11864
11768
11685
11685
11607
11753
11846
11946
12023
11913
11857
12029
12164
12151
12087
12060
12031
12027
11976
12038
11922
11873
11840
11872
11862
11865
11849
11882
11933
11869
11865
11799
11669
11671
11691
11618
11573
11565
11498
11408
11472
11544
11583
11594
11621
11682
11585
11569
11569
11595
11590
11647
11626
11659
11666
11648
11543
11487
11475
11495
11491
11501
11507
11399
11366
11338
11367
11367
11360
11327
11461
11495
11465
11414
11441
11488
11464
11370
11338
11328
11478
11444
11489
11441
11506
11452
11612
11638
11705
11654
11692
11733
11727
11678
11787
11851
11831
11909
11885
11775
11945
12133
12176
12235
12227
12237
12220
12233
12309
12312
12287
12215
12328
12259
12238
12234
12210
12183
12171
12188
12178
12137
12107
12258
12324
12290
12323
12291
12287
12303
12250
12331
12321
12276
12307
12306
12252
12212
12165
12166
12141
12085
12065
12045
12016
12020
12078
12020
11889
12006
12037
11990
11872
11824
11781
11765
11776
11689
11667
11685
11619
11604
11702
11636
11543
11461
11446
11471
11446
11411
11290
11217
11131
11073
11198
11324
11314
11398
11410
11365
11408
11373
11532
11600
11598
11596
11590
11614
11593
11626
11651
11671
11590
11631
11627
11593
11492
11409
11334
11549
11508
11480
11452
11551
11495
11236
11244
11256
11181
11148
11038
10977
10979
10991
11005
10937
10895
10902
10849
10777
10557
10503
10444
10370
10348
10343
10338
10339
10339
10339
10329
10328
10321
10316
10314
10313
10273
10118
10120
10109
10090
10086
10074
10030
10029
10020
10010
10010
9995
9995
9991
9990
9984
9979
9987
9989
9998
9981
10010
9977
9960
9968
9930
9935
9936
9905
9870
9855
9839
9856
9854
9860
9851
9860
9859
9859
9841
9821
9823
9814
9814
9809
9812
9799
9797
9784
9789
9787
9783
9790
9781
9789
9777
9779
9771
9770
9770
9765
9776
9777
9762
9758
9772
9759
9772
9759
9759
9736
9740
9792
9805
9802
9798
9792
9786
9784
9768
9774
9794
9777
9792
9775
9772
9754
9767
9749
9752
9746
9736
9736
9745
9734
9754
9753
9726
9715
9732
9754
9762
9762
9752
9753
9762
9728
9732
9713
9692
9682
9706
9733
9774
9734
9745
9721
9749
9746
9738
9728
9718
9691
9683
9688
9728
9733
9738
9738
9789
9718
9708
9764
9789
9789
9787
9723
9718
9733
9718
9733
9756
9735
9708
9697
9691
9693
9693
9691
9693
9696
9701
9673
9661
9653
9653
9646
9653
9658
9656
9651
9666
9676
9687
9691
9686
9687
9686
9685
9683
9681
9686
9678
9681
9676
9676
9676
9663
9653
9653
9662
9663
9663
9641
9638
9633
9633
9633
9641
9653
9651
9646
9648
9638
9638
9633
9638
9631
9641
9636
9638
9628
9628
9608
9606
9587
9595
9540
9497
9621
9631
9626
9637
9631
9641
9640
9636
9626
9633
9608
9621
9601
9583
9563
9552
9542
9545
9541
9537
9527
9524
9530
9522
9519
9508
9532
9526
9515
9532
9532
9532
9540
9537
9535
9540
9525
9517
9510
9521
9525
9527
9509
9507
9490
9485
9450
9430
9412
9475
9448
9527
9527
9522
9517
9527
9520
9520
9510
9485
9485
9515
9515
9502
9495
9480
9480
9422
9512
9510
9510
9380
9613
9618
9522
9472
9357
9326
9321
9311
9314
9326
9311
9266
9226
9293
9271
9266
9271
9264
9242
9239
9239
9236
9236
9236
9240
9239
9230
9230
9228
9223
9224
9219
9220
9219
9216
9211
9214
9205
9204
9191
9209
9226
9234
9226
9234
9227
9219
9226
9206
9214
9224
9239
9239
9211
9206
9179
9209
9236
9209
9176
9154
9143
9130
9204
9156
9115
9115
9104
9090
9080
9073
9040
9085
9082
9068
9038
8955
9033
9043
9033
9040
8936
9067
9045
9030
9025
9040
9063
9030
9000
9120
9206
9254
9221
9226
9256
9246
9236
9234
9206
9209
9226
9206
9171
